0,0=0,-300,-1
0,1=0,-300,-1
0,2=0,-300,-1
0,3=0,-300,-1
0,4=0,-300,-1
0,5=0,-300,-1
0,6=0,-300,-1
0,7=300,-500,-1
0,8=300,-500,-1
0,9=300,-500,-1
0,10=300,-500,-1
0,11=300,-500,-1
0,12=300,-500,-1
0,13=300,-500,-1
0,14=300,-500,-1
0,15=300,-500,-1
0,16=300,-500,-1
0,17=0,-300,-1
0,18=0,-300,-1
0,19=0,-300,-1
0,20=0,-300,-1
0,21=0,-300,-1
0,22=0,-300,-1
0,23=0,-300,-1
0,24=0,-300,-1
0,25=0,-300,-1
0,26=0,-300,-1
0,27=0,-300,-1
0,28=0,-300,-1
0,29=0,-300,-1
0,30=0,-300,-1
0,31=0,-300,-1
0,32=0,-300,-1
0,33=0,-300,-1
0,34=0,-300,-1
0,35=300,-500,-1
0,36=300,-500,-1
0,37=300,-500,-1
0,38=300,-500,-1
0,39=300,-500,-1
0,40=300,-500,-1
0,41=300,-500,-1
0,42=300,-500,-1
0,43=300,-500,-1
0,44=300,-500,-1
0,45=300,-500,-1
0,46=0,-300,-1
0,47=0,-300,-1
0,48=0,-300,-1
0,49=0,-300,-1
0,50=0,-300,-1
0,51=0,-300,-1
0,52=0,-300,-1
0,53=0,-300,-1
0,54=0,-300,-1
0,55=0,-300,-1
0,56=0,-300,-1
1,0=0,-300,-1
1,1=0,-300,-1
1,2=0,-300,-1
1,56=0,-300,-1
2,0=0,-300,-1
2,1=0,-300,-1
2,2=0,-300,-1
2,56=0,-300,-1
3,0=0,-300,-1
3,1=0,-300,-1
3,2=0,-300,-1
3,56=0,-300,-1
4,0=0,-300,-1
4,1=0,-300,-1
4,2=0,-300,-1
4,56=0,-300,-1
5,0=0,-300,-1
5,1=0,-300,-1
5,2=0,-300,-1
5,56=0,-300,-1
6,0=0,-300,-1
6,1=0,-300,-1
6,2=0,-300,-1
6,56=0,-300,-1
7,0=0,-300,-1
7,56=0,-300,-1
8,0=0,-300,-1
8,56=0,-300,-1
9,0=0,-300,-1
9,7=300,-600,-1
9,8=300,-600,-1
9,9=300,-600,-1
9,12=500,-700,-1
9,21=500,-700,-1
9,26=300,-600,-1
9,27=300,-600,-1
9,28=300,-600,-1
9,31=500,-700,-1
9,40=500,-700,-1
9,45=300,-600,-1
9,46=300,-600,-1
9,47=300,-600,-1
9,50=500,-700,-1
9,56=0,-300,-1
10,0=0,-300,-1
10,7=300,-600,-1
10,8=300,-600,-1
10,9=300,-600,-1
10,26=300,-600,-1
10,27=300,-600,-1
10,28=300,-600,-1
10,45=300,-600,-1
10,46=300,-600,-1
10,47=300,-600,-1
10,56=0,-300,-1
11,0=0,-300,-1
11,7=300,-600,-1
11,8=300,-600,-1
11,9=300,-600,-1
11,26=300,-600,-1
11,27=300,-600,-1
11,28=300,-600,-1
11,45=300,-600,-1
11,46=300,-600,-1
11,47=300,-600,-1
11,56=0,-300,-1
12,0=0,-300,-1
12,7=300,-600,-1
12,8=300,-600,-1
12,9=300,-600,-1
12,26=300,-600,-1
12,27=300,-600,-1
12,28=300,-600,-1
12,45=300,-600,-1
12,46=300,-600,-1
12,47=300,-600,-1
12,56=0,-300,-1
13,0=0,-300,-1
13,56=0,-300,-1
14,0=0,-300,-1
14,56=0,-300,-1
15,0=0,-300,-1
15,56=0,-300,-1
16,0=0,-300,-1
16,56=0,-300,-1
17,0=0,-300,-1
17,56=0,-300,-1
18,0=0,-300,-1
18,56=0,-300,-1
19,0=0,-300,-1
19,4=500,-700,-1
19,12=500,-700,-1
19,21=500,-700,-1
19,56=0,-300,-1
20,0=0,-300,-1
20,31=500,-700,-1
20,40=500,-700,-1
20,50=500,-700,-1
20,56=0,-300,-1
21,0=0,-300,-1
21,56=0,-300,-1
22,0=0,-300,-1
22,56=0,-300,-1
23,0=0,-300,-1
23,25=0,-300,-1
23,26=0,-300,-1
23,27=0,-300,-1
23,28=0,-300,-1
23,29=0,-300,-1
23,30=0,-300,-1
23,31=0,-300,-1
23,32=0,-300,-1
23,33=0,-300,-1
23,34=0,-300,-1
23,35=0,-300,-1
23,56=0,-300,-1
24,0=0,-300,-1
24,25=0,-300,-1
24,26=0,-300,-1
24,27=0,-300,-1
24,28=0,-300,-1
24,29=0,-300,-1
24,30=0,-300,-1
24,31=0,-300,-1
24,32=0,-300,-1
24,33=0,-300,-1
24,34=0,-300,-1
24,35=0,-300,-1
24,56=0,-300,-1
25,0=0,-300,-1
25,7=300,-600,-1
25,8=300,-600,-1
25,9=300,-600,-1
25,25=0,-300,-1
25,26=0,-300,-1
25,45=300,-600,-1
25,46=300,-600,-1
25,47=300,-600,-1
25,56=0,-300,-1
26,0=0,-300,-1
26,7=300,-600,-1
26,8=300,-600,-1
26,9=300,-600,-1
26,25=0,-300,-1
26,26=0,-300,-1
26,45=300,-600,-1
26,46=300,-600,-1
26,47=300,-600,-1
26,56=0,-300,-1
27,0=0,-300,-1
27,7=300,-600,-1
27,8=300,-600,-1
27,9=300,-600,-1
27,25=0,-300,-1
27,26=0,-300,-1
27,45=300,-600,-1
27,46=300,-600,-1
27,47=300,-600,-1
27,56=0,-300,-1
28,0=0,-300,-1
28,7=300,-600,-1
28,8=300,-600,-1
28,9=300,-600,-1
28,25=0,-300,-1
28,26=0,-300,-1
28,30=500,-700,-1
28,32=500,-700,-1
28,34=500,-700,-1
28,45=300,-600,-1
28,46=300,-600,-1
28,47=300,-600,-1
28,56=0,-300,-1
29,0=0,-300,-1
29,12=500,-700,-1
29,21=500,-700,-1
29,25=0,-300,-1
29,26=0,-300,-1
29,56=0,-300,-1
30,0=0,-300,-1
30,25=0,-300,-1
30,26=0,-300,-1
30,30=500,-700,-1
30,32=500,-700,-1
30,34=500,-700,-1
30,40=500,-700,-1
30,50=500,-700,-1
30,56=0,-300,-1
31,0=0,-300,-1
31,25=0,-300,-1
31,26=0,-300,-1
31,56=0,-300,-1
32,0=0,-300,-1
32,25=0,-300,-1
32,26=0,-300,-1
32,30=500,-700,-1
32,32=500,-700,-1
32,34=500,-700,-1
32,56=0,-300,-1
33,0=0,-300,-1
33,25=0,-300,-1
33,26=0,-300,-1
33,56=0,-300,-1
34,0=0,-300,-1
34,25=0,-300,-1
34,26=0,-300,-1
34,56=0,-300,-1
35,0=0,-300,-1
35,25=0,-300,-1
35,26=0,-300,-1
35,56=0,-300,-1
36,0=0,-300,-1
36,3=0,-300,-1
36,4=500,-400,-1
36,5=500,-400,-1
36,6=500,-400,-1
36,7=500,-400,-1
36,8=500,-400,-1
36,9=500,-400,-1
36,10=0,-300,-1
36,25=0,-300,-1
36,26=0,-300,-1
36,56=0,-300,-1
37,0=0,-300,-1
37,1=0,-300,-1
37,2=0,-300,-1
37,3=0,-300,-1
37,4=500,-400,-1
37,5=500,-400,-1
37,6=500,-400,-1
37,7=500,-400,-1
37,8=500,-400,-1
37,9=500,-400,-1
37,10=0,-300,-1
37,11=0,-300,-1
37,12=0,-300,-1
37,13=0,-300,-1
37,14=0,-300,-1
37,15=0,-300,-1
37,16=0,-300,-1
37,17=0,-300,-1
37,18=0,-300,-1
37,19=0,-300,-1
37,20=0,-300,-1
37,21=0,-300,-1
37,22=0,-300,-1
37,23=0,-300,-1
37,24=0,-300,-1
37,25=0,-300,-1
37,26=0,-300,-1
37,27=0,-300,-1
37,28=300,-500,-1
37,29=300,-500,-1
37,30=300,-500,-1
37,31=300,-500,-1
37,32=300,-500,-1
37,33=0,-300,-1
37,34=0,-300,-1
37,35=0,-300,-1
37,36=0,-300,-1
37,37=0,-300,-1
37,38=0,-300,-1
37,39=0,-300,-1
37,40=0,-300,-1
37,41=0,-300,-1
37,42=0,-300,-1
37,43=0,-300,-1
37,44=0,-300,-1
37,45=0,-300,-1
37,46=0,-300,-1
37,47=0,-300,-1
37,48=0,-300,-1
37,49=0,-300,-1
37,50=0,-300,-1
37,51=0,-300,-1
37,52=0,-300,-1
37,53=0,-300,-1
37,54=0,-300,-1
37,55=0,-300,-1
37,56=0,-300,-1